##############################################################################################
#
# OrigamiMD
# Net force
#
# Nodes 0:9
# Integration time step 0.001000
# Simulation Iterations 50000
# Simulation Output 50
#
##############################################################################################

0.000000 -38.648453 -165.216019 86.147882
0.050000 258.475679 130.608236 -87.666666
0.100000 50.981010 141.788213 131.917889
0.150000 -451.689303 -84.006525 -26.849076
0.200000 -177.830779 127.766090 48.443322
0.250000 110.596894 -75.386475 64.768800
0.300000 7.496026 16.196138 33.789740
0.350000 -78.985457 -86.594542 187.601564
0.400000 108.472299 19.823882 6.847639
0.450000 -18.410564 -185.128168 -64.406152
0.500000 182.306536 186.218950 -86.496683
0.550000 -83.340661 -14.141363 -122.013181
0.600000 91.464978 -215.456342 -120.763483
0.650000 -102.178069 -66.240849 -2.865924
0.700000 52.856857 146.273467 -81.664838
0.750000 247.337940 115.012006 -18.602083
0.800000 151.893267 -64.622382 150.050127
0.850000 177.770414 90.257690 120.375626
0.900000 -192.833124 -144.413626 -87.168157
0.950000 -261.168899 28.756434 -43.850587
1.000000 -151.554653 -120.235571 122.082243
1.050000 118.257777 -54.205345 310.416279
1.100000 145.596764 69.022200 5.110159
1.150000 57.341249 190.371888 -13.860815
1.200000 -63.901106 150.091597 110.962527
1.250000 -251.359277 2.710580 88.791193
1.300000 230.883389 -263.825683 85.868099
1.350000 96.762267 -130.166582 -272.341391
1.400000 96.081899 195.335411 -36.451728
1.450000 -61.474911 -97.757407 31.287348
1.500000 163.999935 14.956387 -92.432383
1.550000 -21.373254 126.744575 -182.920260
1.600000 -14.362495 -34.458427 -91.507744
1.650000 154.888133 102.139835 -48.768238
1.700000 29.622364 -29.646934 145.292172
1.750000 -164.979903 -41.796122 11.798945
1.800000 -212.382637 -108.436195 -111.902575
1.850000 22.477215 -207.870628 34.923023
1.900000 146.520281 14.939248 -128.691220
1.950000 174.715945 36.375523 -17.347396
2.000000 -65.205020 63.824199 7.195651
2.050000 -53.050574 -214.164750 -132.479600
2.100000 62.231725 2.246864 173.521230
2.150000 238.229025 45.421629 -101.390537
2.200000 43.515219 167.179488 -216.842846
2.250000 -108.999304 38.243002 -86.735745
2.300000 -255.680227 -3.265331 321.201219
2.350000 97.705200 -222.831849 -117.627297
2.400000 -174.537515 -104.811963 -127.222319
2.450000 96.150222 255.124462 -93.561289
2.500000 102.864794 -114.060927 -50.990420
2.550000 -49.351487 -135.804114 47.471868
2.600000 81.868967 46.307125 28.644675
2.650000 14.397487 -35.650730 9.498937
2.700000 117.965880 -152.662508 -58.626286
2.750000 -45.520242 -133.052976 33.121966
2.800000 16.793374 -106.761159 48.557384
2.850000 261.563198 28.205036 -59.988228
2.900000 -117.305195 125.602766 -40.168828
2.950000 -192.327784 -135.424883 187.009116
3.000000 49.648378 -113.960178 -240.600934
3.050000 -323.162928 63.214796 71.499212
3.100000 125.787779 182.106875 98.078399
3.150000 88.364008 4.266531 277.464426
3.200000 6.403746 -170.766096 261.529276
3.250000 172.095653 36.550682 78.636689
3.300000 112.219704 170.608827 142.081868
3.350000 -232.922661 -79.903871 80.066361
3.400000 -39.393548 57.220886 50.234823
3.450000 -51.373461 156.250438 69.553481
3.500000 135.651820 -1.939942 155.910086
3.550000 -93.890107 157.797004 169.559496
3.600000 -319.817268 -45.960451 244.829043
3.650000 -177.636830 -47.602413 -59.069564
3.700000 -52.406845 -36.287720 -78.998360
3.750000 -26.734596 218.384804 -54.717549
3.800000 -285.222320 -55.477397 -18.980143
3.850000 -19.983097 -49.434886 69.341072
3.900000 -32.839371 53.903244 28.628797
3.950000 -114.561681 150.358922 -24.090370
4.000000 -49.443113 -36.414595 -208.414102
4.050000 131.002598 17.647374 -73.462300
4.100000 140.778112 146.879619 -187.079474
4.150000 -250.894050 32.383671 31.473460
4.200000 148.078239 -211.291263 109.729609
4.250000 20.511495 34.734844 6.331041
4.300000 167.177573 6.260994 152.367151
4.350000 47.861978 248.286886 70.042018
4.400000 -30.052676 -9.768963 145.410484
4.450000 -21.620484 400.449789 167.466661
4.500000 -77.406296 49.014715 -60.279996
4.550000 -24.691485 -146.958753 81.525121
4.600000 -43.064294 -76.950222 97.336246
4.650000 -74.643894 153.525579 -103.595933
4.700000 -203.779888 323.387006 137.016806
4.750000 101.357508 213.628015 -19.960369
4.800000 41.639210 -98.975705 68.652347
4.850000 -170.368804 59.898340 135.204882
4.900000 201.165199 -290.766711 13.676005
4.950000 -23.762279 -43.424151 37.985772
5.000000 -150.789658 -103.447460 -44.787021
5.050000 -75.820085 -29.523509 19.561160
5.100000 -52.324803 184.274529 -278.962413
5.150000 63.058881 31.982280 73.477591
5.200000 -135.252105 234.008792 43.148084
5.250000 149.783589 31.951729 50.140536
5.300000 28.154758 -164.287786 135.193811
5.350000 182.276605 189.253496 -24.966337
5.400000 28.647651 -1.223351 -57.041207
5.450000 105.853188 2.853988 -0.414980
5.500000 -11.058324 37.452010 -68.942611
5.550000 -10.997803 -1.975780 155.629374
5.600000 -43.666641 -7.362731 -28.609310
5.650000 -200.650664 -139.856006 157.835369
5.700000 47.208775 -20.083896 174.647227
5.750000 -75.306281 -138.726855 -154.838766
5.800000 -10.877794 66.104071 -158.370406
5.850000 251.144057 -145.343570 283.581175
5.900000 -7.764988 26.899096 -174.117007
5.950000 -80.887263 142.597283 28.955207
6.000000 209.962517 61.430996 -45.437675
6.050000 -167.401710 156.442203 97.803506
6.100000 -124.877597 -70.959251 -279.293470
6.150000 276.421755 -98.162038 -107.183378
6.200000 132.625449 -230.369807 -89.940903
6.250000 -92.162536 -17.325068 131.397190
6.300000 -12.491210 77.200531 -152.312863
6.350000 -190.605609 -109.582281 -105.436459
6.400000 208.958545 -4.085866 -213.115401
6.450000 136.326349 -127.437628 233.353944
6.500000 190.552829 -83.604119 -83.937829
6.550000 152.065848 29.570234 124.112161
6.600000 -77.369805 -228.975367 -233.285655
6.650000 -83.801396 52.597641 158.856292
6.700000 139.490167 116.042113 64.225569
6.750000 -8.677914 -2.474974 137.167300
6.800000 -17.780585 12.156335 73.689088
6.850000 -115.624624 -176.222459 44.766581
6.900000 65.797944 16.670397 -45.489162
6.950000 161.659349 -48.915614 -27.854164
7.000000 162.587635 278.782814 -63.566196
7.050000 -216.122872 30.583980 5.070858
7.100000 160.028076 146.271668 77.045583
7.150000 4.369810 -9.970564 -58.670803
7.200000 -74.573434 7.108985 -106.214463
7.250000 29.008296 75.899186 -188.894161
7.300000 -1.253612 81.052606 -82.421084
7.350000 113.266728 174.117647 -20.471036
7.400000 116.112515 -91.080749 123.425727
7.450000 142.714980 -171.030149 107.315180
7.500000 356.889253 -48.940242 -81.658163
7.550000 -28.111574 -4.691701 -116.424075
7.600000 33.096118 132.039373 45.660278
7.650000 30.204475 -22.182161 -83.144794
7.700000 49.208419 262.895307 75.456862
7.750000 22.562779 -86.014533 11.581535
7.800000 207.336677 -16.594505 -158.581430
7.850000 145.885027 -142.531607 52.446634
7.900000 -10.292502 -53.062428 -114.380989
7.950000 -44.863914 64.057677 114.293593
8.000000 95.422448 116.637797 156.570053
8.050000 8.642575 118.396900 -111.782758
8.100000 103.368612 239.711197 164.728739
8.150000 280.736782 23.789239 6.209549
8.200000 -137.426968 -28.761628 160.953640
8.250000 10.448324 111.228015 -240.512930
8.300000 -25.945136 -48.240423 -57.880658
8.350000 133.437756 -230.099925 -78.938614
8.400000 7.522105 -29.434375 -69.134262
8.450000 27.941430 -39.462426 98.302059
8.500000 -260.838033 -58.850031 -166.483454
8.550000 -242.393712 65.590955 1.174314
8.600000 23.382682 -137.011895 -96.448797
8.650000 47.232334 2.637913 -26.949678
8.700000 31.592950 -41.227839 43.722683
8.750000 182.830452 -62.181968 159.591842
8.800000 -103.937051 -4.047020 -8.387689
8.850000 -11.683841 -13.751915 -74.293095
8.900000 36.179102 73.158761 75.501110
8.950000 54.864009 -278.105948 -1.475458
9.000000 161.742067 -7.248737 33.538022
9.050000 -101.082361 24.011829 -288.955805
9.100000 -183.696623 223.193735 -128.229771
9.150000 -207.050278 205.496878 138.303729
9.200000 -85.185464 142.642587 -37.879091
9.250000 96.752767 51.531296 190.036087
9.300000 66.787399 26.365499 89.204955
9.350000 127.031784 28.321337 -242.283123
9.400000 -148.588695 232.277111 -76.791815
9.450000 -92.281216 -70.313023 -76.212991
9.500000 -48.182083 154.059673 -171.746769
9.550000 275.359572 2.007146 46.940364
9.600000 31.885983 15.019751 -221.878632
9.650000 173.942881 34.939804 -36.486639
9.700000 -47.755486 -264.074397 -1.454918
9.750000 27.243872 143.361109 -53.486669
9.800000 -62.485443 519.222937 -275.593241
9.850000 166.498545 -18.824450 -113.533765
9.900000 -67.810884 -261.997314 -214.592893
9.950000 148.520084 102.438813 35.490992
10.000000 -238.539458 0.398239 -12.472355
10.050000 147.423145 294.054091 -23.744315
10.100000 129.877727 91.855218 19.042086
10.150000 19.747801 75.530601 40.525555
10.200000 -136.956315 57.930810 74.674665
10.250000 209.931432 261.073839 -184.624932
10.300000 132.921242 144.760679 -95.937439
10.350000 46.031917 227.288540 25.288272
10.400000 -11.103031 -9.640458 0.201167
10.450000 -233.013816 -111.864452 51.946971
10.500000 -245.047026 -332.452299 -122.694064
10.550001 -259.959376 -176.827907 -62.657263
10.600001 6.429934 -105.430729 6.810893
10.650001 -229.638384 -29.637327 -11.112875
10.700001 -171.559910 -241.936264 -140.512538
10.750001 73.260988 47.353202 -44.861367
10.800001 235.772283 -6.098738 89.239286
10.850001 106.592135 -57.146519 18.441577
10.900001 -148.615480 260.481931 129.869548
10.950001 -291.501971 -294.266360 29.626090
11.000001 -201.559846 163.787051 94.563911
11.050001 -0.058470 58.992932 118.924327
11.100001 -95.926576 -293.423242 -133.065012
11.150001 -266.194648 199.777659 -92.622302
11.200001 -109.219644 -246.704872 14.875829
11.250001 0.675325 -142.073901 33.020622
11.300001 14.846911 68.324290 -27.144682
11.350001 -267.992548 73.236130 52.655428
11.400001 114.308992 -44.723169 151.439782
11.450001 227.918781 -21.648931 -372.311888
11.500001 64.852143 -197.982794 163.398554
11.550001 -86.556483 -211.200631 -132.211000
11.600001 -132.403232 18.249209 288.457016
11.650001 51.340333 112.509379 -135.716890
11.700001 282.760218 -129.021536 108.216782
11.750001 -87.884809 367.637796 4.599339
11.800001 60.144635 -140.278247 -17.711654
11.850001 -140.876790 125.636646 -342.263369
11.900001 253.907959 24.921381 -10.943727
11.950001 39.802826 72.340377 225.609968
12.000001 -122.211636 -33.429562 -15.481410
12.050001 207.346186 67.202571 -71.768488
12.100001 -109.151214 51.847116 119.881951
12.150001 109.706697 -70.307536 6.256133
12.200001 73.996761 -8.540987 -121.602554
12.250001 -44.941244 -13.031437 23.040070
12.300001 -123.423006 201.158445 -84.303326
12.350001 152.433144 -57.349240 324.155115
12.400001 -55.404343 -4.273938 -40.236281
12.450001 52.418131 -9.885118 9.859073
12.500001 162.187097 107.497890 -80.419997
12.550001 -87.961275 -159.075068 -15.866171
12.600001 -49.700913 -20.384192 -4.800889
12.650001 13.663972 66.710853 -137.055829
12.700001 116.992825 127.160828 -211.102735
12.750001 7.366892 -78.098628 -55.200125
12.800001 -35.667076 -25.634061 -8.064817
12.850001 -186.788459 -120.756136 4.640696
12.900001 -142.774002 -140.715563 96.198225
12.950001 -119.463876 196.288542 16.392614
13.000001 -138.844839 5.001682 -75.347589
13.050001 144.997714 144.508068 -120.331490
13.100001 -8.007479 -22.310589 260.595413
13.150001 -257.830035 79.278871 -121.002724
13.200001 -47.345559 -167.708195 -3.553715
13.250001 -143.390737 -69.033094 -170.859083
13.300001 64.535664 161.304142 -113.800823
13.350001 301.664847 20.933186 -151.947213
13.400001 206.586271 -17.076735 -127.556293
13.450001 -125.005450 -91.733856 48.188746
13.500001 -182.791618 65.780593 -108.884180
13.550001 243.565079 -13.109586 198.316190
13.600001 -44.889318 -39.164002 12.887721
13.650001 77.692429 -8.364311 -7.201894
13.700001 -128.074486 162.528551 363.391470
13.750001 -157.832858 151.027772 1.351696
13.800001 16.001390 -285.896431 33.735007
13.850001 37.703931 -45.569428 210.808760
13.900001 48.842370 -16.293228 -115.965371
13.950001 94.382362 151.092829 74.004559
14.000001 65.970708 264.906871 135.817289
14.050001 -69.601151 -10.579220 195.896728
14.100001 202.884935 -153.133959 -70.092822
14.150001 -40.130824 -129.586357 200.649514
14.200001 61.705093 -287.638688 24.461493
14.250001 22.649814 145.142215 39.697525
14.300001 4.179116 -55.584560 120.914042
14.350001 217.785638 161.947948 67.892453
14.400001 65.386518 -1.131546 61.801033
14.450001 163.171198 -149.584871 -49.495063
14.500001 -57.173293 6.312258 -106.579276
14.550001 116.249461 -17.825271 105.360650
14.600001 132.064492 107.983385 72.909792
14.650001 -30.502021 161.065421 36.075092
14.700001 -175.079378 -10.335712 206.086313
14.750001 138.375086 93.086756 -333.560083
14.800001 145.563616 84.910128 26.231854
14.850001 136.251733 -9.146985 182.328088
14.900001 334.563757 156.738172 -135.424699
14.950001 -130.137240 -108.989140 98.359942
15.000001 36.011151 -42.297906 -160.121236
15.050001 18.948273 2.260226 138.187002
15.100001 218.505690 -61.314528 -79.679410
15.150001 107.578802 111.133436 -185.286918
15.200001 27.661143 71.876853 340.076458
15.250001 -171.023454 55.057898 -142.865920
15.300001 107.421861 -103.604950 166.648374
15.350001 1.859283 107.445602 -98.459631
15.400001 327.746111 -79.035296 73.425662
15.450001 231.771459 -135.520373 -101.115703
15.500001 194.252544 40.965954 -221.036126
15.550001 -79.078907 -214.839471 111.718920
15.600001 199.062125 -49.679522 95.649265
15.650001 -42.715403 47.127368 -49.272243
15.700001 232.591382 234.279758 30.147411
15.750001 -296.478631 -177.399410 -270.929925
15.800001 46.189469 -95.334940 -4.940472
15.850001 153.900976 -70.096277 -13.958788
15.900001 -118.256922 -129.540631 -60.263683
15.950001 -110.713054 -5.189992 64.346371
16.000001 -75.120338 249.651418 67.965249
16.050001 -38.386564 -12.713060 -78.064832
16.100001 265.652816 126.682234 -114.842511
16.150001 -120.740246 -48.424301 202.967614
16.200001 -31.024562 -98.609689 -274.908755
16.250001 -1.743064 30.605773 95.333257
16.300001 -97.545759 -66.815981 109.666545
16.350001 54.595535 116.010259 -210.871992
16.400001 26.230358 243.334489 66.309669
16.450001 5.746823 -128.479520 1.931761
16.500001 -3.193437 -301.638121 76.690432
16.550001 -8.002642 -64.263260 -273.323496
16.600001 36.539441 102.620123 -80.095187
16.650001 -60.263554 114.032947 57.796246
16.700001 65.306197 -223.113742 -132.179653
16.750001 -124.081530 -20.778640 61.173948
16.800001 196.450606 99.456039 -130.322394
16.850001 153.933531 -43.757866 -22.943969
16.900001 -71.111528 100.445979 -28.126380
16.950001 -56.430246 153.006491 93.924430
17.000001 -335.011925 -42.920331 60.447035
17.050001 37.890049 63.771690 17.430606
17.100001 -15.053795 176.036168 -27.554455
17.150001 -20.685794 163.442516 7.595080
17.200001 -190.891311 167.916398 194.406559
17.250001 214.097236 -177.270937 -141.898013
17.300001 211.402036 82.740297 223.614791
17.350001 76.407347 -305.269886 176.733166
17.400001 20.402848 -76.337877 -31.423842
17.450001 109.557583 -71.359341 -75.454366
17.500001 -151.246643 -231.558604 -192.965562
17.550001 -160.266670 -9.444568 -59.608323
17.600001 38.367928 -175.086794 0.963905
17.650001 80.410875 36.442227 76.336248
17.700001 129.950579 113.523626 -121.119027
17.750001 -248.721968 153.015478 270.135319
17.800001 78.763194 -16.091929 -75.837293
17.850001 -22.936796 -157.747800 6.224117
17.900001 97.471603 -21.283896 25.098608
17.950001 -1.139060 -133.826910 -80.452793
18.000001 162.975104 184.330777 124.439074
18.050001 -11.760216 -39.552576 -252.914370
18.100001 37.529869 -168.817332 270.307499
18.150001 -20.737361 131.108284 -103.881894
18.200001 -45.046510 -219.031108 43.508178
18.250001 197.824472 46.339741 -105.657398
18.300001 55.630537 -40.476518 119.905689
18.350001 115.233288 88.414274 19.675603
18.400001 -113.926360 126.442546 87.858592
18.450001 90.172147 123.463573 11.022739
18.500001 2.175171 -239.513897 57.709077
18.550001 80.260834 -219.553222 144.646372
18.600001 277.457314 1.893550 137.602907
18.650001 43.630551 310.350330 -137.505307
18.700001 86.977217 62.305088 -96.639955
18.750001 68.410455 253.361520 5.199396
18.800001 20.650376 -262.628110 165.163333
18.850001 220.012151 -173.069827 -128.809126
18.900001 175.703388 -216.799481 -170.252193
18.950001 -137.857291 95.357925 247.884155
19.000001 -22.401423 -19.271601 -22.791373
19.050001 -132.202416 52.066654 227.851883
19.100001 -133.443583 9.238324 -301.718148
19.150001 71.595407 -111.422683 159.194854
19.200001 -29.936473 -280.647459 24.644394
19.250001 -158.840523 137.822929 -114.993821
19.300001 -148.373950 74.859258 73.568441
19.350001 14.891508 -53.368420 18.007383
19.400001 123.988660 -34.960940 203.677389
19.450001 53.811164 46.864846 -35.486088
19.500001 36.142443 -49.588818 -56.408520
19.550001 -224.532400 93.661625 -36.294614
19.600001 29.292843 -109.709234 0.020620
19.650001 -104.900769 -86.638199 -6.871492
19.700001 -106.233971 -24.652801 -228.024458
19.750001 43.442718 62.920737 -158.189200
19.800001 88.864189 27.717090 -293.777583
19.850001 -124.812104 100.432828 -134.168793
19.900001 33.946336 -31.657181 -132.894286
19.950001 304.895181 131.539087 100.444072
20.000001 -206.101300 55.835445 134.753376
20.050001 -95.136391 -41.263307 47.646494
20.100001 47.824183 160.999410 176.101770
20.150001 -103.598739 210.891596 -202.347489
20.200001 -57.332928 16.327440 -19.596125
20.250001 -91.103040 -167.468752 58.403650
20.300001 10.159617 -312.869354 -28.708007
20.350001 -164.554485 -157.878470 -221.253703
20.400001 -72.008891 170.598642 377.639481
20.450001 148.441424 -100.476114 -110.629984
20.500001 -70.808675 225.424654 23.486516
20.550001 40.848956 18.362965 37.764471
20.600001 232.400966 149.476664 107.295028
20.650001 36.661590 32.105853 -85.212906
20.700001 172.836637 -51.963183 66.114505
20.750001 -37.956799 -164.202742 174.688589
20.800001 -479.716352 -22.366735 -87.340761
20.850001 -39.407378 98.129804 -136.571502
20.900001 -105.053356 -25.433753 -51.583770
20.950001 -83.985286 -69.215707 -313.075653
21.000001 -141.814030 214.216982 213.151268
21.050001 -8.729070 -61.521555 0.206745
21.100001 -114.593412 83.177026 193.654915
21.150001 204.571694 -127.253550 11.280547
21.200001 73.576379 302.240976 174.329544
21.250001 -20.735655 -248.152901 -212.585882
21.300001 140.923864 164.595814 52.408932
21.350001 -139.859417 -76.926308 -132.880491
21.400001 -58.373903 18.523230 193.890705
21.450001 133.686916 151.302860 275.497124
21.500001 135.551567 -4.179919 -195.274078
21.550001 -55.781955 -9.175117 62.151344
21.600001 80.073877 -192.869536 119.111941
21.650001 225.497539 -48.039126 57.585794
21.700001 -50.087306 -24.970741 42.155221
21.750001 103.978765 -30.541110 -157.609309
21.800001 152.654927 -4.899600 -129.254184
21.850001 31.369853 -28.256337 -12.243564
21.900001 -4.800148 -12.403717 -179.458781
21.950001 121.518334 65.254724 83.604230
22.000001 -41.488374 -51.295083 -90.560845
22.050001 133.521602 -41.299493 65.877238
22.100001 202.153040 -391.463341 261.690197
22.150001 -107.918653 -179.507884 -63.022196
22.200001 183.693246 69.502804 133.050741
22.250001 -23.165076 -287.853110 122.314939
22.300001 -47.625169 -42.734354 -163.432829
22.350001 158.382061 16.158733 -5.215542
22.400001 44.407616 -141.315086 29.695298
22.450001 -44.460920 -98.400075 -56.307120
22.500001 42.648273 -148.440788 220.949795
22.550001 128.485660 -22.654887 167.584422
22.600001 -119.580577 214.592659 -105.024196
22.650001 -15.257623 -71.426760 -41.718417
22.700001 -25.302377 102.558699 141.223865
22.750001 64.312817 -58.655455 -40.922588
22.800001 -179.899831 -82.875871 208.212751
22.850001 138.253753 -195.283397 -85.022572
22.900001 -22.524877 28.776695 70.678900
22.950001 -118.353195 -1.677015 -92.283667
23.000001 87.067411 188.409745 -76.176070
23.050001 142.701005 -123.449087 17.335300
23.100001 -113.412203 -81.067956 -85.042164
23.150001 -35.212673 171.237580 99.206141
23.200001 301.497794 -134.604088 -108.092222
23.250001 149.028071 148.149021 13.236628
23.300001 23.174458 186.169913 85.326398
23.350001 -101.653412 -99.223324 108.193860
23.400001 34.042604 164.687591 -21.418544
23.450001 62.994012 163.047173 16.633232
23.500001 242.734491 56.399342 -116.828061
23.550001 -76.981233 3.303231 116.479742
23.600001 8.954808 62.137693 -44.977935
23.650001 66.909967 149.538401 -64.169361
23.700001 120.151730 20.415337 203.078030
23.750001 32.718303 26.181429 62.081234
23.800001 -147.532224 -6.343273 146.974265
23.850001 -81.929298 -21.988226 -7.512495
23.900001 -221.841303 191.046980 77.289408
23.950001 46.777474 56.684943 63.366462
24.000001 -239.646836 55.187579 17.347911
24.050001 -59.174407 -57.794880 58.096052
24.100001 -114.986551 85.162801 -277.270074
24.150001 152.411183 -79.351199 60.506592
24.200001 281.169468 -79.695981 56.892230
24.250001 187.485035 36.715389 -98.118356
24.300001 -120.681220 176.396127 -260.959368
24.350001 -226.169190 -171.671141 -118.925599
24.400001 -84.706737 -65.857059 105.871194
24.450001 198.950326 81.541746 7.657251
24.500001 -141.829308 130.064975 52.978954
24.550001 -51.729998 64.863534 170.308876
24.600001 -213.121596 52.961603 2.782595
24.650001 101.144099 66.190783 98.707100
24.700001 99.834462 -3.104240 -168.365586
24.750001 -11.378853 -195.582132 21.702769
24.800001 -76.578102 50.085739 -212.195401
24.850001 13.603218 67.941979 25.655602
24.900001 -144.395005 157.874012 -234.653273
24.950001 27.044712 187.025478 -137.238904
25.000001 70.393507 92.445543 44.203870
25.050001 7.215924 57.807161 146.232417
25.100001 -39.078960 -144.793878 148.652084
25.150001 -109.158647 -84.665842 -182.472330
25.200001 53.619597 68.757246 83.706953
25.250001 45.403240 60.341624 99.421188
25.300001 77.564406 -5.682693 164.337556
25.350001 123.838742 -50.496744 -184.647973
25.400001 -207.578289 274.339770 -154.067972
25.450001 -65.838081 -14.759161 -10.519773
25.500001 131.717121 -99.357555 -160.740518
25.550001 32.582548 19.203119 -207.191866
25.600001 124.775011 -49.995098 -13.336506
25.650001 -42.817267 145.215368 86.713396
25.700001 36.947089 154.286144 -19.352756
25.750001 -75.939200 12.987746 65.930927
25.800001 90.221670 -42.637830 -133.902338
25.850001 120.179339 136.050056 -100.979360
25.900001 -181.300649 -74.926806 1.670829
25.950001 -36.101295 71.876253 -85.175007
26.000001 -55.286382 38.853620 216.170314
26.050001 -120.169259 79.496944 -204.929239
26.100001 -0.130615 -65.909672 -187.523191
26.150001 96.466761 7.596626 -2.216787
26.200001 -118.847505 40.562324 99.257548
26.250001 -39.544569 103.823005 4.198986
26.300001 93.780551 -134.442730 11.393388
26.350001 16.448592 124.514718 -164.357917
26.400001 289.791412 1.648243 11.648511
26.450001 -33.806049 165.159772 -94.776422
26.500001 24.910017 60.323271 80.744450
26.550001 -116.929120 10.071164 142.141110
26.600001 -26.009250 -70.049865 -11.210246
26.650001 -82.452845 21.979880 -23.214631
26.700001 -6.844161 217.659807 290.187467
26.750001 -143.503244 -86.702155 -13.949473
26.800001 -25.900485 -137.309326 287.912292
26.850001 -122.685965 40.065761 -47.110440
26.900001 25.613352 69.848439 -38.554519
26.950001 143.952273 104.879665 -73.795538
27.000001 -47.550837 -218.921255 6.551977
27.050001 -69.633976 -86.788284 70.521750
27.100001 43.247651 -7.501014 11.046232
27.150001 30.073509 -99.659305 -22.991677
27.200001 -23.894114 -173.134158 -48.875688
27.250001 -46.108112 -185.035696 104.812487
27.300001 -200.864296 -30.818068 22.841801
27.350001 -52.162966 348.965509 -56.019733
27.400001 114.219412 -67.390506 -130.180352
27.450001 160.242655 -66.395647 -59.840744
27.500001 -147.196458 251.458442 0.399919
27.550001 -33.604992 38.680476 191.380780
27.600001 -78.056188 -191.112883 211.087600
27.650001 19.431292 -21.536081 -9.236656
27.700001 -30.196739 97.463580 -192.353850
27.750001 -116.325851 -38.612542 -108.796217
27.800001 101.860419 28.355210 -191.850166
27.850001 -75.023230 -142.748270 87.464238
27.900001 -163.639626 251.956810 1.460687
27.950001 230.484485 -10.469475 -101.940734
28.000001 40.176571 -115.193971 36.575567
28.050001 203.105787 -196.858467 -203.919002
28.100001 124.125159 88.553207 -72.043708
28.150001 -55.123302 -3.024426 -89.128770
28.200001 -69.548478 207.525359 -123.279109
28.250001 217.006707 -103.937494 -260.840883
28.300001 -143.063853 197.241898 -100.918855
28.350001 -49.571905 125.743855 -77.871509
28.400001 -76.876343 3.792358 -37.865004
28.450001 12.463352 199.034472 43.524952
28.500001 -48.939993 104.442404 -52.285596
28.550001 -217.038681 -122.248386 65.059102
28.600001 285.264946 110.902686 -274.311247
28.650001 -143.155600 -96.843277 -173.837819
28.700001 147.612070 -33.589353 81.556350
28.750001 232.613508 127.392848 -163.856702
28.800001 -134.920808 260.600048 43.324481
28.850001 61.621297 141.685955 164.891304
28.900001 9.518522 99.806647 -80.506774
28.950001 142.946164 19.238397 27.753896
29.000001 61.895951 -106.879121 42.121931
29.050001 11.284744 -155.966029 -74.167561
29.100001 187.197595 -63.221287 43.244561
29.150001 -17.837637 -125.457252 -3.006216
29.200001 -33.492984 -125.930873 -47.108706
29.250001 -47.039306 -332.994520 -189.852589
29.300001 -24.899605 -206.257075 171.065705
29.350001 -162.537556 -66.898083 -48.687841
29.400001 -162.171347 -2.531747 -178.780258
29.450001 -3.232090 -314.933354 -56.633465
29.500001 -16.311457 7.398121 -28.193198
29.550001 174.802795 67.283982 -93.285737
29.600001 -113.898078 28.727975 9.571121
29.650001 91.795343 -62.660100 103.201550
29.700001 109.727072 28.729596 -264.755733
29.750001 -189.588058 -77.684480 -200.106932
29.800001 -108.765970 16.238931 149.261909
29.850001 -221.535703 88.607301 40.399592
29.900001 36.234227 -6.956062 121.673028
29.950001 -8.724554 -89.950246 74.823709
30.000001 4.222049 25.057853 42.088753
30.050001 -83.731718 102.232530 -137.525398
30.100001 21.352994 57.912520 72.911683
30.150001 58.964825 -38.237043 21.476401
30.200001 -33.730043 73.010034 75.375750
30.250001 159.389955 -267.842689 -227.131510
30.300001 58.789787 -100.165362 65.233458
30.350001 93.250799 -141.046971 -25.433856
30.400001 -351.425643 62.477071 2.770303
30.450001 236.178253 -36.800403 74.375649
30.500001 -121.194908 100.078645 -20.970150
30.550001 -151.221619 -163.044476 82.531263
30.600001 -67.538380 117.601399 66.790259
30.650001 43.168013 -94.357626 10.197897
30.700001 -191.269320 -31.639781 133.775264
30.750001 -234.182893 -69.362912 -152.785583
30.800001 -240.045050 -111.278388 48.659731
30.850001 -109.850381 -65.799361 -110.586946
30.900001 -49.682798 108.418855 -79.908906
30.950001 166.213818 -23.592574 78.011694
31.000001 -59.817437 -113.714023 -257.391296
31.050001 207.021229 -22.210328 76.398901
31.100001 -130.987921 8.661053 111.625154
31.150001 125.994299 89.377548 88.156493
31.200001 11.476870 -86.199025 3.233785
31.250001 -248.382458 -67.125026 17.039865
31.300001 -310.337469 -28.277824 -249.896947
31.350001 1.801232 90.514513 -174.012729
31.400001 -1.765471 -107.611330 99.269065
31.450001 67.568550 123.659625 238.850283
31.500001 222.673985 73.859800 -22.919981
31.550001 -26.765509 56.986153 200.448529
31.600002 -51.432806 14.603493 116.127850
31.650002 -17.439042 -39.731521 -37.303473
31.700002 -260.613483 86.261015 19.963645
31.750002 93.554074 -217.718796 18.057327
31.800002 181.383293 121.637954 121.592918
31.850002 30.702719 -190.724957 -173.542181
31.900002 -56.846877 296.834068 -44.267976
31.950002 -26.429862 42.487061 -424.676222
32.000002 142.149471 -315.358260 179.867708
32.050002 176.292880 29.599311 88.510679
32.100002 0.551607 -225.630666 -97.929418
32.150002 110.946897 -78.149333 -225.940916
32.200002 -5.387950 -172.326594 -39.360190
32.250002 68.321863 -30.118691 -20.324470
32.300002 -236.753823 261.286824 -84.470966
32.350002 36.604478 -60.932427 40.507101
32.400002 108.194310 -162.204166 -128.877231
32.450002 -94.718517 124.549929 75.644907
32.500002 -203.460988 -228.018738 -55.251423
32.550002 -130.195394 41.475811 -56.774535
32.600002 -210.134804 -164.308616 -181.148038
32.650002 -166.191518 84.469329 197.295011
32.700002 -147.804399 -183.819384 212.641720
32.750002 85.685009 68.531424 178.668911
32.800002 -16.477366 113.037255 -237.396935
32.850002 -97.877628 196.009782 -57.661739
32.900002 -9.261835 106.831818 98.766447
32.950002 -131.961176 -10.141061 38.073760
33.000002 -187.096145 -59.618751 205.627782
33.050002 41.855850 -74.063584 63.574822
33.100002 91.806969 120.847489 -77.157923
33.150002 -108.777136 -300.413147 -82.278461
33.200002 109.603629 210.418089 74.146094
33.250002 -204.206909 4.719590 7.561471
33.300002 61.548990 45.674177 -181.976660
33.350002 162.109340 -182.231718 -90.695422
33.400002 -202.286549 7.785679 -39.445369
33.450002 -143.596707 -63.983737 82.764448
33.500002 15.191881 -157.275052 81.348863
33.550002 -107.964344 -149.216396 107.845548
33.600002 61.539401 145.958710 157.679583
33.650002 -27.862955 14.139862 -183.297150
33.700002 -158.619799 143.366606 -129.543000
33.750002 -77.715428 108.407383 -19.324592
33.800002 19.114879 -263.660325 -79.756604
33.850002 -66.843636 90.273843 -247.814872
33.900002 171.886070 6.133909 -50.505731
33.950002 36.088742 -194.720802 -40.697116
34.000002 -15.131961 14.061088 -282.040327
34.050002 59.389405 -51.208939 283.328501
34.100002 142.483462 -116.103013 -119.882711
34.150002 -19.542916 42.508619 -86.752788
34.200002 140.455117 -19.178311 163.935594
34.250002 122.174150 87.827860 -108.399276
34.300002 164.961610 -83.910376 -35.294741
34.350002 78.044755 147.482554 210.313310
34.400002 -251.348127 -195.225907 -182.675841
34.450002 -140.562049 14.769628 37.602171
34.500002 -49.945991 -157.828433 91.848162
34.550002 -207.399977 -47.125948 -28.492371
34.600002 -16.342560 -163.089279 -55.768239
34.650002 57.845451 168.197449 222.145151
34.700002 -19.575654 -32.203456 135.230729
34.750002 -102.675735 305.976951 18.350371
34.800002 -121.874027 -43.452338 -137.616457
34.850002 -13.574388 -9.277873 -241.997556
34.900002 58.296522 -135.204875 -186.709086
34.950002 -60.765123 -120.764158 -39.878841
35.000002 56.166040 -62.046125 151.046070
35.050002 39.808997 -181.053337 -263.050715
35.100002 117.499700 -114.221126 84.554061
35.150002 -20.323800 71.402623 28.108912
35.200002 -130.493505 -92.044983 61.478574
35.250002 -104.127044 36.031325 143.937836
35.300002 -7.086608 67.394649 41.198829
35.350002 72.639743 -136.558226 -157.096506
35.400002 -225.081112 182.316948 1.494401
35.450002 -8.880659 213.211785 150.301313
35.500002 36.684046 127.936256 39.085940
35.550002 278.493961 -53.580947 89.717894
35.600002 219.902284 190.939686 -170.451447
35.650002 -273.042398 42.611442 33.452964
35.700002 -13.162603 70.914923 -215.782937
35.750002 7.409206 -229.867422 29.158527
35.800002 -176.691446 -103.361798 -31.695526
35.850002 -17.046069 59.047804 143.055097
35.900002 177.021567 90.571271 -109.509202
35.950002 43.034158 -114.310066 -108.871986
36.000002 14.225786 1.260271 0.090484
36.050002 24.745647 215.204276 36.415883
36.100002 -173.115000 -254.024260 -56.297753
36.150002 183.823041 106.662782 7.240756
36.200002 -32.421513 103.897826 100.658990
36.250002 116.661028 -80.002954 -125.009964
36.300002 117.579178 -174.324961 -7.893913
36.350002 126.964423 -236.573548 -5.945209
36.400002 -106.534462 -222.904320 107.129389
36.450002 156.423277 0.804615 -122.313247
36.500002 -181.168282 -148.769315 -22.130643
36.550002 76.157418 -10.486919 -69.069720
36.600002 -129.483385 -83.178325 -197.424363
36.650002 -40.439641 -80.086692 -313.364873
36.700002 94.033915 -91.832694 20.091005
36.750002 -44.268573 -95.710582 5.765961
36.800002 -110.045640 55.488386 -48.009378
36.850002 52.404422 -12.294067 223.491848
36.900002 -63.977756 232.142787 -75.886459
36.950002 -55.319819 221.681912 -129.375469
37.000002 96.564681 123.868174 -53.438413
37.050002 137.727760 -253.199036 -86.381152
37.100002 94.385721 52.378596 -180.736933
37.150002 81.033514 -26.786120 -64.762549
37.200002 187.636457 -71.757835 12.360400
37.250002 -54.684047 -14.203614 -161.997517
37.300002 -225.132244 -203.688802 -58.750147
37.350002 183.797672 22.486204 -28.591300
37.400002 -142.118441 -39.885155 50.891895
37.450002 -187.024306 -87.002833 213.903429
37.500002 -100.120066 198.901547 -21.770900
37.550002 317.385769 -33.157483 -55.604680
37.600002 -103.997872 100.657257 -28.517537
37.650002 -35.698608 134.157794 7.876612
37.700002 -172.505992 -133.158605 -237.470448
37.750002 84.548140 -17.130478 39.805696
37.800002 -161.263095 21.410237 -65.421974
37.850002 2.665186 -157.318340 80.215618
37.900002 -208.572370 162.827823 56.528037
37.950002 -284.482023 -152.672250 207.297405
38.000002 -22.607755 55.622032 -48.072911
38.050002 -67.753504 -244.298857 132.219758
38.100002 -29.530218 86.793713 -221.834586
38.150002 217.517691 244.803812 -146.166713
38.200002 -9.294765 131.937990 158.524947
38.250002 62.099147 77.492391 103.050015
38.300002 -82.616833 89.191562 -133.768275
38.350002 -144.501812 -26.780356 208.707198
38.400002 19.988859 -16.117291 -107.300953
38.450002 -42.227353 45.255324 -44.114089
38.500002 38.071200 22.400505 -75.034369
38.550002 15.099726 -30.108506 89.740299
38.600002 -34.930513 44.065375 -369.272103
38.650002 17.545016 45.804849 10.104212
38.700002 -18.051111 -99.852350 42.542029
38.750002 -62.570495 102.053256 -42.149940
38.800002 -60.795288 131.812709 4.125969
38.850002 -125.275321 116.399987 -265.070520
38.900002 34.775072 -177.954478 -19.771682
38.950002 76.317190 -16.085531 8.514233
39.000002 -41.519256 -168.103789 -36.718997
39.050002 -212.011725 142.952407 93.821695
39.100002 60.095881 -129.983229 -2.998370
39.150002 -168.837174 128.340884 21.361156
39.200002 31.638908 -157.300384 143.097754
39.250002 31.446406 65.240701 79.284571
39.300002 20.830506 25.773053 3.637491
39.350002 193.424863 24.018849 -152.336750
39.400002 -31.635801 -61.307590 -228.759160
39.450002 -153.484199 -26.513183 63.535668
39.500002 -126.860227 63.600117 -221.122357
39.550002 -71.086710 44.172771 -2.118995
39.600002 73.791620 181.612578 197.894467
39.650002 104.925279 -110.594954 -118.637494
39.700002 98.217156 77.709613 35.745445
39.750002 -131.407857 232.668870 38.211012
39.800002 13.712045 269.946701 142.671208
39.850002 91.265309 -47.621262 165.258328
39.900002 81.650674 117.905308 -262.705201
39.950002 -246.944286 244.942267 -57.580062
40.000002 74.328426 37.130359 201.361144
40.050002 65.650478 -45.926253 50.539019
40.100002 52.200433 63.981731 -238.476065
40.150002 36.086032 84.645058 -153.443906
40.200002 212.937143 148.816474 216.143898
40.250002 -44.744060 27.119610 25.612481
40.300002 -37.879951 269.276149 -119.291905
40.350002 -39.431149 -99.323562 44.213302
40.400002 187.210348 -134.500724 -77.212108
40.450002 -55.129962 50.402607 41.713766
40.500002 -149.484396 281.949788 -29.132199
40.550002 34.638978 -198.499370 11.164218
40.600002 -209.908661 -41.098767 -83.774311
40.650002 -56.610192 -7.879614 -208.991929
40.700002 102.478273 45.266604 -247.989745
40.750002 -42.908390 -8.219120 41.523184
40.800002 -227.054076 -97.573915 30.785900
40.850002 115.617633 -26.567413 42.446467
40.900002 4.647128 -194.372867 138.189705
40.950002 -28.545400 -199.142800 156.399011
41.000002 -38.363104 -121.520518 -9.296624
41.050002 -198.278551 -192.772655 -97.618952
41.100002 -35.504523 -205.375127 133.281618
41.150002 164.325337 154.863568 -168.402014
41.200002 82.731563 -60.201185 204.496865
41.250002 49.647574 194.077075 -52.713577
41.300002 106.508925 228.830810 -77.138902
41.350002 107.145742 -55.595929 -159.065730
41.400002 -21.107842 -147.688219 176.042586
41.450002 46.437124 -34.216515 9.978159
41.500002 -118.912852 79.409823 85.708791
41.550002 -1.049481 -122.022061 -75.608801
41.600002 192.586472 155.581099 -66.244720
41.650002 -32.103391 82.314670 -131.233112
41.700002 389.232521 -99.663337 -68.117734
41.750002 144.567603 91.783442 -257.513964
41.800002 -164.848096 -9.215265 84.488537
41.850002 22.813880 -67.596450 -209.203556
41.900002 58.074918 -56.518987 118.375981
41.950002 -199.687216 -11.492104 -92.866488
42.000002 198.299358 -341.341357 35.502623
42.050002 30.766568 343.364810 -178.600255
42.100002 -10.726534 -74.589511 -156.884125
42.150002 -4.033829 34.166470 -200.903476
42.200002 -8.446965 68.916712 -63.852124
42.250002 88.386557 106.515711 -75.590958
42.300002 -47.822243 101.346474 -237.275863
42.350002 -250.165504 45.958417 100.466872
42.400002 -424.550375 -209.697153 262.881744
42.450002 112.162559 -207.038437 -85.045273
42.500002 60.784225 39.135641 83.342512
42.550002 18.153845 -3.453561 4.879550
42.600002 -35.713072 -4.860063 471.905977
42.650002 59.039104 -17.612255 7.941768
42.700002 -59.008932 -22.905284 357.939857
42.750002 -37.625541 87.707612 38.786709
42.800002 -34.839343 -40.022419 -103.155897
42.850002 301.641731 103.116949 113.833675
42.900002 -56.397873 -50.204621 -87.827894
42.950002 207.896506 65.988507 212.946551
43.000002 227.079184 -133.198635 254.151347
43.050002 5.081638 15.388061 -123.048523
43.100002 -17.501202 -28.516057 17.641275
43.150002 65.328423 -6.086634 -46.516461
43.200002 -113.207970 -214.059860 -284.355543
43.250002 0.867954 164.115897 101.944220
43.300002 -144.939798 42.119934 -314.757621
43.350002 197.812569 -27.747459 -93.929067
43.400002 -229.090715 31.570376 -184.968669
43.450002 -2.842253 66.440386 -14.292538
43.500002 -92.096744 -29.890466 95.252405
43.550002 75.105858 -12.222408 -21.030080
43.600002 128.076475 -27.062285 -159.900557
43.650002 262.802749 106.161665 -108.159810
43.700002 164.521637 42.311664 53.558360
43.750002 -92.475671 -24.964492 -67.145888
43.800002 158.436375 -30.654180 -27.746928
43.850002 11.002647 -105.633419 6.546539
43.900002 -21.124107 -24.621019 7.795448
43.950002 165.322387 -61.943474 99.634746
44.000002 64.994040 -255.194877 -73.417719
44.050002 99.401668 -143.543405 22.985601
44.100002 -166.411712 -401.009347 166.820752
44.150002 -18.499602 322.991426 -58.519209
44.200002 -90.096057 -93.118486 164.966345
44.250002 221.250712 -95.623668 -254.034268
44.300002 -14.607506 -135.752280 -232.182654
44.350002 -29.258050 -106.136363 -238.472857
44.400002 54.587251 -122.104310 58.579899
44.450002 -52.660589 -99.443251 205.054433
44.500002 -2.159275 265.249984 -131.640642
44.550002 6.578290 -233.158831 -236.250452
44.600002 -177.655217 174.550330 -128.354743
44.650002 27.377782 217.267629 60.944002
44.700002 -23.765458 210.924964 60.393686
44.750002 -21.347864 -32.394320 282.994392
44.800002 -44.898241 -193.479308 98.131026
44.850002 241.306945 70.894343 110.646719
44.900002 208.124287 -97.493495 217.451692
44.950002 -24.322473 62.772102 -101.491387
45.000002 88.315056 -54.567685 26.465062
45.050002 295.882008 -194.944896 -277.651227
45.100002 -252.920623 -51.189118 24.553737
45.150002 -220.417532 -127.472356 0.386560
45.200002 -93.194096 -104.261957 -54.175682
45.250002 113.721163 -113.845228 -238.411100
45.300002 54.680393 43.726782 -103.510768
45.350002 76.378458 -4.781853 -21.649975
45.400002 -153.952482 -61.682347 128.905181
45.450002 39.279712 30.592410 80.780571
45.500002 -57.270173 87.394585 186.474684
45.550002 -157.959388 3.008706 -127.541347
45.600002 193.027201 -120.609478 -242.820528
45.650002 -16.863206 -30.616519 327.684542
45.700002 -246.358669 79.747769 45.899213
45.750002 -194.689226 0.613914 -108.263841
45.800002 -117.214318 183.802795 -65.425450
45.850002 93.911910 -36.318768 -136.699612
45.900002 84.264609 75.419510 22.420630
45.950002 51.684759 -5.345564 -181.223281
46.000002 -24.364586 73.659552 -136.030705
46.050002 254.716796 70.568621 -123.297342
46.100002 -58.149164 -237.216014 -40.132717
46.150002 226.686409 -162.188851 80.455727
46.200002 -74.777676 -118.193835 -44.479736
46.250002 -42.918079 74.300254 -74.018112
46.300002 -10.595807 86.064129 -127.534355
46.350002 -122.445000 -104.034278 2.238346
46.400002 -30.052808 -250.446632 -84.036600
46.450002 165.120702 -38.579236 -60.834302
46.500002 76.083810 -47.006106 -74.302973
46.550002 74.049935 77.799443 -48.048433
46.600002 -254.294545 17.215409 -168.748403
46.650002 94.067682 198.452173 -114.452261
46.700002 205.728408 55.759890 -151.285955
46.750002 79.506476 -43.393836 -3.663007
46.800002 -34.208734 35.691749 -389.723576
46.850002 150.848003 -25.224269 86.960035
46.900002 22.564941 81.581117 -173.311355
46.950002 -220.515096 -51.907921 -31.475402
47.000002 91.143193 8.995511 141.006737
47.050002 -155.313516 149.347949 -50.574705
47.100002 -99.545781 -157.835901 61.044040
47.150002 -118.297969 9.851825 60.650364
47.200002 282.459215 198.214905 -179.824563
47.250002 -165.359108 5.267453 -64.220416
47.300002 98.303562 -136.945098 101.121021
47.350002 143.141838 109.297441 52.721208
47.400002 142.213343 92.477096 168.530758
47.450002 -53.606603 -0.464818 156.136028
47.500002 89.315591 -7.121526 -54.801800
47.550002 17.670004 -18.158251 194.528447
47.600002 -56.638274 -84.589053 3.582939
47.650002 8.808064 -43.835265 -63.849284
47.700002 -76.484783 -34.157474 97.298720
47.750002 -232.339612 6.725280 257.906002
47.800002 49.930071 57.204451 -42.573485
47.850002 190.061292 15.201725 -38.342550
47.900002 142.023921 118.101048 -260.482533
47.950002 44.411096 -108.485858 18.951691
48.000002 -288.196820 195.938440 108.932983
48.050002 105.114198 289.295427 -52.346977
48.100002 -62.202896 -160.319433 -209.190074
48.150002 -153.798406 -27.660462 -76.488300
48.200002 -148.315217 -23.926486 137.703562
48.250002 111.177341 107.224308 -12.308903
48.300002 -241.997686 -218.448829 71.768577
48.350002 81.714213 -0.854676 218.170635
48.400002 -2.688376 147.729912 -35.710293
48.450002 30.100785 277.377808 85.212866
48.500002 -16.617186 -133.760867 -205.953125
48.550002 114.080723 -92.930523 190.890528
48.600002 -102.828244 36.552792 206.381089
48.650002 3.139250 40.531795 -24.651118
48.700002 -34.954020 162.455946 -102.044480
48.750002 80.705064 143.147306 -14.032626
48.800002 -58.964240 -15.929095 122.156460
48.850002 -63.854465 249.616821 40.834818
48.900002 227.920383 -25.468415 -61.552062
48.950002 123.134472 124.763477 84.564659
49.000002 -30.499519 123.394025 10.105233
49.050002 -222.180806 25.523528 -122.839037
49.100002 -43.728276 -160.015203 134.811746
49.150002 147.323553 80.912595 -15.548954
49.200002 229.949710 -103.939050 -45.891122
49.250002 -93.530631 -41.437651 329.200106
49.300002 -139.102149 46.505826 262.497819
49.350002 -124.630549 -65.056885 128.384683
49.400002 -18.425746 107.503811 -138.430220
49.450002 154.398796 124.913089 -196.176699
49.500002 -111.647227 99.101726 -134.148562
49.550002 215.985713 94.043318 119.336875
49.600002 34.259972 -71.806755 -43.567020
49.650002 -23.938105 200.923276 124.166341
49.700002 -84.618415 -170.207492 83.595566
49.750002 -61.773998 422.126682 -76.534988
49.800002 132.651361 47.969906 75.037586
49.850002 -32.489345 27.821754 127.803911
49.900002 -148.006267 88.696619 206.029289
49.950002 85.321869 -145.274057 87.543967
